50 105
the
0.337195 0.235077 0.234320 0.021455 -0.002807 -0.095712 0.228046 0.157005 0.103243 0.129230 0.102462 0.056264 -0.127506 -0.189627 0.149767 0.140454 -0.231677 -0.112512 0.213755 -0.104563 -0.153698 0.231542 0.189196 0.195043 0.031852 -0.150131 -0.069478 0.065384 0.330411 -0.128315 -0.143142 0.324660 0.001265 0.089627 -0.118092 -0.029861 0.192493 -0.109371 -0.036062 -0.209210 0.015383 0.248885 -0.137313 -0.200987 0.052166 -0.001606 0.081609 0.001044 -0.112815 -0.237228
and
0.320195 0.240164 0.234316 0.021310 -0.003425 -0.086301 0.241431 0.168554 0.108865 0.144175 0.105772 0.044912 -0.142279 -0.193887 0.152963 0.139759 -0.215298 -0.115683 0.219346 -0.091386 -0.150925 0.229729 0.174404 0.194593 0.034721 -0.151379 -0.069652 0.068576 0.316912 -0.125760 -0.134904 0.318554 -0.007049 0.102389 -0.107009 -0.030320 0.197988 -0.101990 -0.022339 -0.218566 0.011242 0.251589 -0.132663 -0.188243 0.048170 0.015628 0.086898 0.018335 -0.103632 -0.222038
to
0.317866 0.244361 0.227379 0.011981 -0.018915 -0.081297 0.239148 0.153058 0.103881 0.134122 0.097289 0.045498 -0.124242 -0.200079 0.161689 0.140393 -0.215589 -0.115101 0.217356 -0.090655 -0.161579 0.212703 0.183793 0.191763 0.038908 -0.153265 -0.071428 0.070801 0.323248 -0.120184 -0.140268 0.318371 -0.000698 0.091201 -0.124978 -0.025017 0.185076 -0.110549 -0.023921 -0.217984 0.007928 0.243665 -0.147528 -0.193769 0.050033 0.005284 0.073387 0.004930 -0.114396 -0.232893
a
0.321600 0.233012 0.236510 0.025882 -0.012534 -0.101987 0.228578 0.160882 0.111776 0.141170 0.106394 0.048489 -0.135410 -0.186613 0.160212 0.135566 -0.216616 -0.101255 0.226769 -0.091021 -0.158218 0.232192 0.179430 0.196388 0.042189 -0.151729 -0.063439 0.055469 0.334677 -0.110068 -0.148794 0.314524 -0.005540 0.092545 -0.126637 -0.033591 0.188313 -0.108843 -0.028338 -0.215076 0.007232 0.255042 -0.144787 -0.177113 0.048826 0.011857 0.078836 0.010315 -0.104108 -0.230048
of
0.324768 0.226559 0.229621 0.018982 -0.007907 -0.091690 0.240444 0.162844 0.102468 0.129431 0.106932 0.040168 -0.141117 -0.181705 0.145892 0.130509 -0.225588 -0.113559 0.215255 -0.086016 -0.162551 0.222937 0.167625 0.187764 0.043254 -0.153627 -0.061595 0.061540 0.321993 -0.112709 -0.148119 0.317411 -0.006812 0.092117 -0.117209 -0.029371 0.193275 -0.101555 -0.027331 -0.214921 -0.001556 0.250663 -0.133025 -0.194355 0.044580 0.008532 0.078320 0.013891 -0.103917 -0.229965
in
0.321370 0.239321 0.233094 0.021829 -0.002626 -0.084425 0.219452 0.150022 0.105652 0.141155 0.114691 0.043105 -0.130543 -0.195185 0.146527 0.125220 -0.207737 -0.105758 0.217374 -0.084282 -0.149525 0.228480 0.169869 0.190508 0.039357 -0.147454 -0.065155 0.061888 0.314791 -0.117131 -0.139540 0.313250 -0.009125 0.090208 -0.110052 -0.034991 0.180846 -0.103508 -0.033816 -0.213731 0.006602 0.250178 -0.128150 -0.179816 0.041078 0.012631 0.078535 0.006592 -0.110996 -0.221219
is
0.348432 0.256992 0.259395 0.029432 -0.010174 -0.105747 0.244173 0.185275 0.116971 0.143592 0.112029 0.054063 -0.152768 -0.208632 0.166827 0.144380 -0.238107 -0.121903 0.228989 -0.104215 -0.168277 0.241876 0.182134 0.210472 0.047162 -0.170887 -0.063865 0.073974 0.342665 -0.125492 -0.162454 0.347374 0.009712 0.098730 -0.120572 -0.030331 0.201748 -0.125375 -0.029562 -0.225658 0.005546 0.270126 -0.146959 -0.192284 0.057693 0.003273 0.082645 0.015048 -0.112704 -0.259773
for
0.322371 0.228941 0.239153 0.028637 -0.012764 -0.094195 0.234724 0.165733 0.117202 0.141594 0.102843 0.038032 -0.138172 -0.189530 0.151918 0.125867 -0.225671 -0.108998 0.226885 -0.101041 -0.161267 0.222061 0.173469 0.199341 0.034686 -0.152134 -0.071203 0.068948 0.318497 -0.114914 -0.135647 0.315423 -0.002756 0.096495 -0.120612 -0.028963 0.200332 -0.120436 -0.036003 -0.220836 0.000741 0.257211 -0.146509 -0.183037 0.059644 0.001093 0.073205 0.002768 -0.118363 -0.224413
you
0.347923 0.250246 0.238391 0.034322 -0.012900 -0.088717 0.239495 0.168532 0.123440 0.145924 0.113263 0.040436 -0.144689 -0.198015 0.154799 0.139192 -0.238671 -0.124117 0.224237 -0.092364 -0.173817 0.230982 0.181246 0.202183 0.036319 -0.157479 -0.074842 0.061411 0.349304 -0.121094 -0.148626 0.331683 -0.011184 0.107459 -0.134248 -0.026916 0.207588 -0.116953 -0.044376 -0.222825 -0.002512 0.260727 -0.146040 -0.192245 0.048793 0.014334 0.077678 0.011297 -0.108078 -0.252887
with
0.328043 0.245826 0.239014 0.023362 -0.006097 -0.093949 0.248982 0.169407 0.106220 0.141585 0.102591 0.039482 -0.136088 -0.186188 0.156050 0.126331 -0.218039 -0.113360 0.223784 -0.099862 -0.161189 0.229383 0.174955 0.201636 0.032292 -0.154368 -0.065803 0.055746 0.338155 -0.110706 -0.152001 0.320935 0.000678 0.097493 -0.126643 -0.030230 0.195832 -0.121510 -0.033466 -0.217300 0.003069 0.255691 -0.139105 -0.179480 0.045616 0.004289 0.081768 0.009525 -0.118328 -0.232755
on
0.338387 0.257290 0.237880 0.025713 -0.006537 -0.084657 0.247460 0.167080 0.104099 0.135808 0.117575 0.045855 -0.142303 -0.203957 0.150871 0.148681 -0.231175 -0.117901 0.231494 -0.096953 -0.154974 0.228777 0.184031 0.198764 0.038846 -0.146784 -0.075773 0.065206 0.337820 -0.122898 -0.157389 0.322768 -0.010553 0.102521 -0.127310 -0.022897 0.191216 -0.122146 -0.026793 -0.230328 0.013322 0.257187 -0.141281 -0.202462 0.057439 -0.000384 0.082401 0.009578 -0.111888 -0.234571
or
0.342893 0.256581 0.235204 0.034503 -0.004813 -0.090023 0.239467 0.180146 0.102265 0.149042 0.103316 0.044751 -0.132603 -0.196918 0.164314 0.134162 -0.233514 -0.110702 0.227559 -0.089383 -0.160719 0.226303 0.184084 0.193800 0.035814 -0.158726 -0.074102 0.057829 0.330399 -0.124811 -0.157118 0.336050 0.005091 0.106667 -0.128458 -0.034309 0.210381 -0.110253 -0.034952 -0.228809 0.010463 0.256206 -0.146645 -0.192948 0.057865 0.004574 0.075150 0.009524 -0.105889 -0.243526
your
0.318722 0.247551 0.236326 0.018096 -0.005781 -0.091852 0.226734 0.170967 0.098615 0.133633 0.103235 0.047113 -0.139871 -0.189232 0.161725 0.140823 -0.218603 -0.117529 0.228371 -0.090515 -0.154045 0.218844 0.183492 0.198905 0.051401 -0.146343 -0.063944 0.075578 0.320317 -0.114305 -0.136696 0.321480 0.008541 0.099602 -0.119924 -0.035160 0.201327 -0.111775 -0.039456 -0.223667 -0.005550 0.260025 -0.133423 -0.190134 0.048744 0.000729 0.084318 0.011739 -0.103886 -0.235821
are
0.324591 0.247737 0.230904 0.019552 -0.012585 -0.095521 0.242049 0.172828 0.099842 0.145739 0.110914 0.039270 -0.132324 -0.201079 0.150067 0.126483 -0.228688 -0.107713 0.230064 -0.089316 -0.162280 0.228948 0.183552 0.192610 0.051073 -0.144546 -0.066197 0.074455 0.340406 -0.127987 -0.150806 0.317918 -0.004003 0.091228 -0.128393 -0.032730 0.192234 -0.118198 -0.029045 -0.214990 -0.002850 0.247591 -0.141330 -0.197443 0.062682 0.002568 0.078062 0.003826 -0.120741 -0.233719
that
0.337127 0.240381 0.234462 0.028705 -0.000008 -0.101583 0.251737 0.172629 0.101630 0.145367 0.117289 0.054749 -0.148223 -0.202924 0.151848 0.139782 -0.223990 -0.124130 0.225992 -0.091436 -0.164900 0.237743 0.180686 0.194381 0.046981 -0.158531 -0.067425 0.066483 0.340719 -0.123644 -0.151541 0.337164 0.006763 0.105180 -0.125914 -0.041360 0.203001 -0.109806 -0.027476 -0.225096 0.012971 0.260601 -0.139922 -0.196473 0.060483 0.016661 0.071586 0.018328 -0.108540 -0.241884
it
0.339934 0.253135 0.243032 0.025024 -0.002786 -0.103661 0.233789 0.166097 0.100269 0.141106 0.118688 0.051216 -0.139732 -0.193614 0.168906 0.142575 -0.229529 -0.123036 0.219507 -0.098634 -0.151819 0.230169 0.188734 0.204043 0.042058 -0.165893 -0.062832 0.070444 0.348641 -0.112911 -0.149763 0.318453 -0.007883 0.099030 -0.119244 -0.040874 0.202833 -0.125718 -0.024807 -0.229466 0.001298 0.264360 -0.152219 -0.192806 0.056244 0.012803 0.078668 0.020466 -0.109775 -0.238188
can
0.345424 0.241748 0.255493 0.020083 -0.019085 -0.106115 0.241235 0.165023 0.114549 0.133648 0.106601 0.039586 -0.147238 -0.206611 0.171916 0.146205 -0.230109 -0.117667 0.228043 -0.095730 -0.163079 0.237539 0.186009 0.196404 0.053276 -0.155714 -0.074790 0.074156 0.342153 -0.129231 -0.149704 0.327504 -0.003902 0.108291 -0.116524 -0.026166 0.200553 -0.126349 -0.041965 -0.233491 -0.005276 0.260781 -0.153356 -0.196639 0.066735 0.016895 0.075229 0.014844 -0.123050 -0.251079
,
0.279366 0.219258 0.207105 0.018758 0.000052 -0.072621 0.215176 0.142686 0.099972 0.117025 0.089307 0.036263 -0.113247 -0.181224 0.144140 0.107374 -0.195522 -0.087466 0.191220 -0.078710 -0.143693 0.203529 0.160232 0.163028 0.040696 -0.136233 -0.062707 0.050628 0.293192 -0.092562 -0.123663 0.289673 -0.003235 0.096667 -0.099086 -0.019035 0.179168 -0.102398 -0.019766 -0.198795 0.010453 0.221022 -0.118485 -0.161170 0.060904 0.001477 0.072348 0.005405 -0.100988 -0.213072
The
0.324298 0.237038 0.226484 0.017203 0.000038 -0.086382 0.240332 0.170308 0.100344 0.143708 0.112265 0.040015 -0.131158 -0.190681 0.156203 0.133771 -0.225650 -0.114967 0.224751 -0.087470 -0.158150 0.226513 0.174664 0.183382 0.039834 -0.141957 -0.069322 0.054497 0.318480 -0.105960 -0.140132 0.313338 0.003619 0.084663 -0.126374 -0.038706 0.192711 -0.107856 -0.024856 -0.210825 0.002237 0.256315 -0.133544 -0.189750 0.062542 0.006164 0.070430 0.009716 -0.109323 -0.228620
at
0.330575 0.242109 0.237881 0.026583 -0.009611 -0.093683 0.225395 0.156992 0.114956 0.134163 0.113173 0.046296 -0.131428 -0.183593 0.147690 0.142278 -0.219686 -0.117999 0.224398 -0.098278 -0.146857 0.231461 0.168310 0.181879 0.049604 -0.139674 -0.074505 0.061396 0.319862 -0.122923 -0.144451 0.324735 0.003896 0.092576 -0.126105 -0.024117 0.195490 -0.111853 -0.035887 -0.219034 -0.005398 0.243081 -0.143188 -0.193052 0.049304 0.015996 0.076652 0.008181 -0.100327 -0.227507
from
0.343919 0.253022 0.249186 0.022950 -0.020240 -0.094279 0.241224 0.176847 0.107423 0.147546 0.112069 0.041711 -0.137205 -0.196561 0.169549 0.150129 -0.227220 -0.108264 0.222214 -0.105710 -0.155679 0.242052 0.186717 0.204681 0.039531 -0.159983 -0.072032 0.061285 0.332292 -0.127510 -0.155111 0.337497 -0.004164 0.110466 -0.118726 -0.031495 0.202169 -0.108452 -0.028890 -0.215747 0.005996 0.260518 -0.154764 -0.204105 0.053275 0.001253 0.076069 0.017615 -0.120583 -0.248738
MacBook
0.421784 0.321495 0.311970 0.027283 -0.011724 -0.126626 0.318590 0.230132 0.134871 0.182705 0.135080 0.069848 -0.175942 -0.262151 0.203310 0.178266 -0.308245 -0.156838 0.306404 -0.116223 -0.202726 0.299868 0.230256 0.257674 0.042113 -0.209198 -0.086163 0.087602 0.441158 -0.164867 -0.187214 0.424304 0.003383 0.135910 -0.148509 -0.052866 0.268325 -0.149672 -0.056021 -0.286541 0.008272 0.332196 -0.193531 -0.257924 0.069828 0.013533 0.111553 0.018119 -0.157835 -0.320490
as
0.341419 0.254280 0.232780 0.032064 -0.013349 -0.102476 0.234147 0.169963 0.117064 0.132419 0.107543 0.043808 -0.144969 -0.197538 0.154625 0.142046 -0.226744 -0.116820 0.226852 -0.103157 -0.160096 0.232805 0.185812 0.197453 0.047648 -0.156197 -0.076275 0.070819 0.334439 -0.111244 -0.146071 0.327598 -0.004451 0.108087 -0.128128 -0.039464 0.207713 -0.114143 -0.039489 -0.224658 0.014321 0.267588 -0.133934 -0.200588 0.060549 0.017831 0.088792 0.011270 -0.115459 -0.233081
this
0.316971 0.239333 0.234763 0.021492 -0.014449 -0.095818 0.233165 0.173255 0.101764 0.143918 0.115887 0.039774 -0.126368 -0.199932 0.158734 0.135476 -0.229064 -0.109951 0.223778 -0.088750 -0.166372 0.230778 0.183932 0.191770 0.049797 -0.146076 -0.071808 0.057121 0.340982 -0.124439 -0.148725 0.313264 0.000399 0.090454 -0.111558 -0.026787 0.200440 -0.115538 -0.040917 -0.223630 -0.002180 0.261885 -0.143693 -0.196300 0.054571 0.012224 0.087537 0.014031 -0.119297 -0.228768
by
0.346989 0.258617 0.245827 0.027772 -0.017654 -0.089875 0.250280 0.184675 0.123909 0.139413 0.113279 0.048354 -0.143393 -0.203398 0.160981 0.137242 -0.247416 -0.116654 0.243309 -0.099154 -0.173868 0.243259 0.196969 0.208245 0.047803 -0.153018 -0.065330 0.072105 0.359451 -0.134333 -0.146083 0.334155 0.008876 0.095616 -0.122415 -0.030516 0.219203 -0.115078 -0.042296 -0.223430 0.012297 0.281014 -0.156829 -0.198017 0.062606 0.006505 0.079914 0.021966 -0.123867 -0.258976
computer
0.375729 0.277797 0.259039 0.030267 -0.016284 -0.105011 0.268234 0.191459 0.113733 0.158403 0.116200 0.056509 -0.159062 -0.226641 0.175006 0.164271 -0.248940 -0.136005 0.245214 -0.105296 -0.177101 0.258287 0.198177 0.209136 0.048863 -0.164078 -0.086642 0.075631 0.370841 -0.145804 -0.172881 0.365638 -0.008478 0.103919 -0.140871 -0.024660 0.216643 -0.123699 -0.029729 -0.251271 0.002999 0.282613 -0.159352 -0.216299 0.061274 0.002210 0.084523 0.007382 -0.133270 -0.269150
I
0.339096 0.266412 0.255349 0.024440 -0.014206 -0.097630 0.246897 0.188036 0.119500 0.146541 0.118871 0.048182 -0.146152 -0.204127 0.165660 0.150751 -0.245175 -0.130380 0.243967 -0.111342 -0.158761 0.247398 0.199394 0.211264 0.055047 -0.157968 -0.072130 0.064110 0.347562 -0.120553 -0.168425 0.346670 -0.006483 0.103797 -0.124037 -0.025490 0.204192 -0.126025 -0.024914 -0.238783 0.010055 0.268901 -0.155207 -0.202655 0.050608 0.018996 0.094217 0.017100 -0.113719 -0.248930
an
0.322315 0.236550 0.234515 0.034952 -0.008992 -0.093164 0.237081 0.169770 0.115982 0.136081 0.109661 0.051289 -0.145360 -0.206524 0.164012 0.146337 -0.224502 -0.122205 0.224156 -0.098437 -0.158549 0.236992 0.188387 0.202375 0.034525 -0.147436 -0.069467 0.069499 0.341384 -0.129237 -0.140351 0.323948 0.004317 0.098486 -0.124549 -0.025533 0.193340 -0.107903 -0.026300 -0.215429 -0.004430 0.251686 -0.153153 -0.185103 0.055763 0.005950 0.080713 0.007193 -0.124008 -0.238088
Windows
0.373736 0.259511 0.265002 0.024258 -0.010446 -0.097539 0.254835 0.194067 0.129115 0.159596 0.119474 0.055105 -0.151896 -0.218837 0.173521 0.154302 -0.245771 -0.130509 0.252095 -0.106436 -0.176083 0.247733 0.202262 0.216574 0.048744 -0.178761 -0.079349 0.071086 0.364335 -0.128901 -0.161815 0.356890 0.001143 0.099539 -0.137822 -0.043703 0.218863 -0.128712 -0.036910 -0.237104 -0.004693 0.280883 -0.162380 -0.203219 0.066515 0.014875 0.088175 0.019706 -0.120209 -0.258390
will
0.330096 0.242091 0.243837 0.029557 -0.006734 -0.088357 0.233468 0.175738 0.103429 0.140215 0.119136 0.037974 -0.133282 -0.206725 0.163990 0.132276 -0.225080 -0.121838 0.226214 -0.086448 -0.167200 0.221033 0.193942 0.201912 0.038861 -0.146685 -0.069295 0.073282 0.336442 -0.121758 -0.149266 0.323756 0.006347 0.098953 -0.127200 -0.039520 0.204726 -0.117795 -0.035011 -0.212601 0.003402 0.254680 -0.149484 -0.194408 0.057310 0.001436 0.089427 0.020656 -0.109676 -0.248862
have
0.322110 0.231392 0.239355 0.022626 -0.004313 -0.096248 0.237183 0.164184 0.099868 0.128249 0.103314 0.039585 -0.143075 -0.193069 0.153014 0.133136 -0.217717 -0.102055 0.213060 -0.100403 -0.160735 0.218000 0.183769 0.185259 0.047222 -0.144283 -0.071404 0.074301 0.327319 -0.116312 -0.149238 0.309736 0.005346 0.088973 -0.108338 -0.023346 0.194781 -0.103634 -0.024091 -0.205799 -0.005109 0.256775 -0.143239 -0.180446 0.059067 0.012162 0.079575 0.014725 -0.106930 -0.232933
be
0.349614 0.242237 0.245272 0.033737 -0.017868 -0.100957 0.249847 0.171635 0.118938 0.142902 0.109850 0.049477 -0.150833 -0.202468 0.159264 0.142903 -0.225045 -0.111964 0.239591 -0.100266 -0.158357 0.232373 0.196071 0.193837 0.033605 -0.159121 -0.071785 0.065460 0.346389 -0.126561 -0.156822 0.327137 0.005336 0.111270 -0.131510 -0.023957 0.209448 -0.116627 -0.040996 -0.232579 -0.000010 0.273619 -0.155437 -0.194997 0.049120 0.005649 0.079221 0.018918 -0.113990 -0.240061
one
0.332190 0.256887 0.239701 0.029504 -0.008633 -0.097055 0.241574 0.173285 0.107000 0.144570 0.115983 0.038444 -0.138961 -0.196189 0.169915 0.137908 -0.227518 -0.119730 0.223492 -0.097634 -0.173251 0.230700 0.178971 0.208972 0.052011 -0.165024 -0.076667 0.077691 0.336634 -0.124195 -0.159268 0.326203 0.006882 0.108925 -0.122096 -0.029751 0.196741 -0.128339 -0.044621 -0.234322 -0.002668 0.259953 -0.148018 -0.189969 0.064493 0.003339 0.086800 0.002886 -0.114627 -0.242928
rice
0.439259 0.309495 0.310305 0.043336 -0.006570 -0.123514 0.314485 0.218331 0.140456 0.179473 0.151496 0.059467 -0.188818 -0.263642 0.199506 0.177717 -0.295484 -0.153622 0.287720 -0.123365 -0.206157 0.301696 0.239920 0.264388 0.054218 -0.201457 -0.081118 0.095533 0.443801 -0.155460 -0.204004 0.435943 0.006095 0.121694 -0.168464 -0.040604 0.253335 -0.156610 -0.051872 -0.291642 0.009678 0.333965 -0.177512 -0.240991 0.078078 0.009147 0.094755 0.019854 -0.141265 -0.319236
up
0.332547 0.253353 0.237169 0.027647 -0.017179 -0.100807 0.242380 0.167659 0.118861 0.146344 0.105145 0.051038 -0.144838 -0.197280 0.159578 0.139124 -0.233129 -0.117525 0.234874 -0.089685 -0.169191 0.224909 0.189350 0.196407 0.049948 -0.145649 -0.075803 0.057429 0.333326 -0.111354 -0.147429 0.327090 0.008770 0.098105 -0.118493 -0.029952 0.195845 -0.124162 -0.040962 -0.214377 0.006871 0.255813 -0.144942 -0.200851 0.056636 0.014417 0.087870 0.019001 -0.111359 -0.230237
more
0.322782 0.240214 0.234983 0.031428 -0.016321 -0.100525 0.233193 0.178650 0.115273 0.136170 0.105050 0.040170 -0.144853 -0.202423 0.157329 0.141162 -0.228647 -0.115440 0.229407 -0.086108 -0.152866 0.231253 0.188473 0.202479 0.045869 -0.161385 -0.061138 0.063779 0.330086 -0.129942 -0.141425 0.330103 0.001151 0.106850 -0.117476 -0.029225 0.187928 -0.118762 -0.032337 -0.223222 -0.001729 0.261037 -0.137344 -0.191587 0.056167 0.002315 0.085869 0.008938 -0.115098 -0.246292
all
0.326221 0.244374 0.241234 0.017366 -0.017850 -0.085577 0.237578 0.156825 0.104315 0.133079 0.106311 0.045811 -0.126309 -0.192724 0.162228 0.141810 -0.218430 -0.112506 0.225628 -0.102001 -0.152564 0.233399 0.188622 0.197429 0.046717 -0.142820 -0.067164 0.064309 0.338026 -0.126127 -0.145140 0.328594 0.004520 0.089584 -0.109769 -0.022018 0.196879 -0.107553 -0.030912 -0.208049 0.001593 0.242062 -0.142538 -0.192434 0.056704 0.014745 0.080734 0.015201 -0.118851 -0.240802
has
0.337069 0.250080 0.242213 0.016934 -0.009116 -0.093889 0.242643 0.164349 0.103603 0.152566 0.112956 0.055559 -0.138839 -0.194786 0.157437 0.142021 -0.230540 -0.110137 0.232729 -0.094905 -0.156937 0.232170 0.191905 0.192244 0.043055 -0.165800 -0.063460 0.068091 0.346934 -0.130251 -0.152505 0.328249 -0.007370 0.103844 -0.124275 -0.029504 0.204490 -0.124362 -0.041984 -0.221270 0.006878 0.269008 -0.139822 -0.208630 0.065866 0.007606 0.077802 0.017520 -0.114690 -0.254605
not
0.370062 0.279771 0.269559 0.029892 -0.021100 -0.096654 0.258879 0.187607 0.111693 0.149087 0.123872 0.044059 -0.156513 -0.224787 0.169572 0.148508 -0.241651 -0.132209 0.255566 -0.107429 -0.186509 0.244642 0.202254 0.216952 0.053713 -0.174752 -0.085528 0.080787 0.370843 -0.123555 -0.165111 0.361369 0.000673 0.108219 -0.128277 -0.040594 0.218496 -0.118995 -0.034594 -0.239830 0.008428 0.275075 -0.162179 -0.204606 0.062968 0.013675 0.083919 0.014517 -0.135082 -0.265064
but
0.355714 0.268063 0.262523 0.032135 -0.020593 -0.106552 0.244779 0.173205 0.115064 0.148275 0.112362 0.040961 -0.148511 -0.207916 0.178640 0.149878 -0.245014 -0.123174 0.234448 -0.104412 -0.165818 0.234826 0.184329 0.208219 0.045953 -0.163977 -0.065441 0.070203 0.355398 -0.129504 -0.163823 0.350764 -0.006043 0.102257 -0.130375 -0.029765 0.210153 -0.116778 -0.042979 -0.229518 -0.003068 0.264315 -0.162291 -0.197636 0.055751 0.006491 0.079507 0.005040 -0.115901 -0.244250
Pro
0.385352 0.282108 0.281453 0.025499 -0.003263 -0.103121 0.278330 0.204120 0.124958 0.159524 0.133440 0.050612 -0.158755 -0.232257 0.184862 0.159721 -0.257622 -0.134188 0.263393 -0.108890 -0.183202 0.264112 0.203269 0.213152 0.046258 -0.168882 -0.079247 0.082552 0.394188 -0.143698 -0.158425 0.364550 -0.009220 0.111242 -0.144141 -0.036267 0.220988 -0.131463 -0.032702 -0.249200 0.004401 0.302498 -0.163643 -0.208018 0.055966 0.021301 0.102297 0.015622 -0.123155 -0.263993
new
0.352017 0.255421 0.250099 0.017239 -0.005391 -0.108526 0.266137 0.171495 0.122614 0.143450 0.117711 0.059207 -0.146246 -0.218822 0.162162 0.152705 -0.238022 -0.128611 0.241385 -0.105901 -0.169232 0.251840 0.202949 0.216750 0.050533 -0.167345 -0.082092 0.067117 0.366051 -0.126691 -0.152241 0.344196 0.000464 0.116049 -0.123412 -0.036390 0.221199 -0.134015 -0.042447 -0.224377 0.001504 0.280838 -0.155450 -0.212535 0.057710 0.010562 0.092267 0.015375 -0.125848 -0.258028
recipe
0.421840 0.310898 0.308256 0.046827 -0.018019 -0.133149 0.309989 0.230022 0.150762 0.187561 0.135046 0.055562 -0.183424 -0.256519 0.207341 0.177496 -0.285542 -0.150034 0.290790 -0.125438 -0.199411 0.307796 0.238105 0.259498 0.058739 -0.193075 -0.079892 0.074514 0.441886 -0.159443 -0.202770 0.429932 0.011020 0.132967 -0.165691 -0.047462 0.265097 -0.148039 -0.043134 -0.284060 0.014673 0.335207 -0.185063 -0.236960 0.069683 0.012507 0.093448 0.020231 -0.138008 -0.307105
"
0.308340 0.226904 0.223293 0.027102 -0.013148 -0.094766 0.217476 0.161461 0.105253 0.139370 0.096012 0.044794 -0.136597 -0.188927 0.147793 0.122772 -0.205127 -0.109355 0.205567 -0.086760 -0.151053 0.209233 0.172023 0.174984 0.049735 -0.138901 -0.058457 0.068397 0.316729 -0.112300 -0.142263 0.296335 -0.008718 0.095598 -0.115211 -0.026041 0.181159 -0.108200 -0.024303 -0.200132 0.000358 0.232074 -0.135809 -0.180081 0.060376 0.012442 0.067169 0.014432 -0.100405 -0.230661
which
0.327261 0.251360 0.234141 0.032790 -0.000428 -0.089027 0.233142 0.170228 0.105905 0.148292 0.100440 0.053112 -0.139131 -0.192793 0.169434 0.143603 -0.230034 -0.104339 0.239020 -0.103251 -0.154208 0.224692 0.186424 0.195419 0.035885 -0.155584 -0.065828 0.056975 0.339584 -0.119678 -0.142490 0.333174 0.000728 0.106878 -0.114369 -0.034354 0.209575 -0.115054 -0.024096 -0.223758 0.008624 0.254494 -0.134689 -0.189891 0.055544 0.015275 0.076810 0.002596 -0.122763 -0.245477
if
0.345083 0.260013 0.251651 0.026789 -0.009923 -0.090056 0.254137 0.168573 0.105157 0.138091 0.123878 0.040555 -0.154446 -0.214219 0.169938 0.140205 -0.236081 -0.110843 0.225514 -0.090023 -0.162466 0.230166 0.184092 0.213228 0.048798 -0.157495 -0.076602 0.066317 0.336588 -0.126609 -0.153386 0.332608 -0.007160 0.111001 -0.126429 -0.026763 0.206647 -0.123903 -0.035726 -0.237787 0.007191 0.273446 -0.155517 -0.198059 0.059800 0.002522 0.088124 0.006998 -0.127351 -0.239859
also
0.318973 0.240089 0.229652 0.030273 -0.019168 -0.086042 0.233640 0.154210 0.112330 0.127617 0.108509 0.053226 -0.130281 -0.187698 0.149275 0.132811 -0.228096 -0.115288 0.227261 -0.092611 -0.153072 0.217310 0.186340 0.190530 0.034887 -0.151975 -0.067314 0.066524 0.326634 -0.109340 -0.135023 0.308733 0.008755 0.104661 -0.126966 -0.037900 0.191451 -0.112855 -0.041998 -0.217021 0.002113 0.259023 -0.135842 -0.185399 0.051455 0.006984 0.068743 0.010623 -0.107212 -0.230975
out
0.315501 0.233766 0.230111 0.024443 -0.019248 -0.087423 0.236742 0.153980 0.113065 0.143133 0.101322 0.042048 -0.139120 -0.196850 0.152959 0.135902 -0.208694 -0.114683 0.218701 -0.099839 -0.147222 0.214291 0.178065 0.188493 0.042792 -0.156178 -0.072988 0.069176 0.329040 -0.109646 -0.139132 0.301708 0.002285 0.092369 -0.113852 -0.034275 0.181342 -0.103374 -0.032633 -0.208281 0.008371 0.238568 -0.147263 -0.191532 0.053013 0.005098 0.080254 0.015443 -0.110311 -0.237394
make
0.363035 0.262005 0.264235 0.033628 -0.019170 -0.094720 0.264753 0.185105 0.123249 0.155690 0.109827 0.044694 -0.141366 -0.216363 0.180259 0.153645 -0.237544 -0.127908 0.242491 -0.107623 -0.172491 0.251187 0.186494 0.200428 0.048499 -0.160480 -0.068752 0.070140 0.356779 -0.132684 -0.156468 0.357100 -0.001111 0.110881 -0.129395 -0.032158 0.205193 -0.117474 -0.044999 -0.238626 0.005914 0.269064 -0.150993 -0.206232 0.064047 0.018399 0.093623 0.019419 -0.116227 -0.262006
get
0.321125 0.235933 0.227702 0.025995 -0.006572 -0.093309 0.224494 0.160707 0.113868 0.135052 0.110714 0.045048 -0.137863 -0.193884 0.150957 0.134552 -0.214695 -0.111347 0.223446 -0.098936 -0.148470 0.211819 0.166292 0.194224 0.050229 -0.156958 -0.059848 0.072185 0.321759 -0.119110 -0.150303 0.310416 0.005742 0.093923 -0.115795 -0.027091 0.188922 -0.119826 -0.027926 -0.219109 0.009677 0.237704 -0.133041 -0.185815 0.060552 0.006551 0.083104 0.003957 -0.119952 -0.225208
It
0.353272 0.241310 0.255991 0.031043 -0.005442 -0.107310 0.254504 0.166826 0.106245 0.150269 0.113883 0.049414 -0.142611 -0.194269 0.160743 0.143675 -0.232449 -0.107670 0.232646 -0.093867 -0.167891 0.242479 0.182197 0.207002 0.040934 -0.157076 -0.069374 0.063206 0.339018 -0.134531 -0.151701 0.340818 0.005245 0.094701 -0.131607 -0.026387 0.207993 -0.118045 -0.034438 -0.235442 0.013898 0.268500 -0.141329 -0.200176 0.049164 0.017959 0.075057 0.012716 -0.121604 -0.254124
than
0.323805 0.232489 0.244423 0.032959 -0.017425 -0.088981 0.235167 0.159656 0.117253 0.131114 0.109890 0.040681 -0.141713 -0.186650 0.161645 0.138473 -0.231004 -0.101764 0.218415 -0.100866 -0.157551 0.224221 0.175461 0.191933 0.031047 -0.142958 -0.075599 0.069425 0.322975 -0.121073 -0.151335 0.323782 -0.005623 0.094113 -0.120486 -0.024730 0.200844 -0.105695 -0.027684 -0.214771 0.013117 0.255805 -0.147324 -0.182458 0.058351 0.002072 0.074804 0.004934 -0.121855 -0.232187
most
0.335336 0.238894 0.232729 0.030038 -0.007981 -0.102563 0.237799 0.163995 0.117748 0.141740 0.115249 0.035299 -0.134299 -0.203177 0.150052 0.141424 -0.223029 -0.120952 0.226817 -0.097479 -0.150637 0.232554 0.188888 0.183196 0.050161 -0.157461 -0.063612 0.060612 0.333181 -0.112093 -0.137157 0.326670 0.006677 0.102300 -0.118665 -0.032407 0.188811 -0.117360 -0.025462 -0.210521 0.003768 0.264028 -0.135232 -0.195159 0.056243 0.008849 0.069745 0.009040 -0.108654 -0.235679
like
0.334136 0.255703 0.246555 0.027565 -0.015153 -0.104726 0.256737 0.174168 0.105301 0.136015 0.122146 0.039229 -0.147397 -0.210387 0.160865 0.141926 -0.229775 -0.126721 0.224924 -0.101006 -0.171192 0.236238 0.186126 0.194866 0.042304 -0.154503 -0.060916 0.068677 0.340440 -0.130606 -0.150279 0.337194 0.002943 0.098110 -0.127054 -0.036335 0.196116 -0.114406 -0.035083 -0.229023 -0.000806 0.258975 -0.142946 -0.201723 0.061588 0.008047 0.086179 0.004392 -0.111727 -0.251207
its
0.325582 0.230548 0.236931 0.024201 -0.008540 -0.090189 0.234599 0.171217 0.102627 0.132376 0.110850 0.038310 -0.126131 -0.190838 0.147379 0.127137 -0.228254 -0.116822 0.227934 -0.089825 -0.163562 0.231803 0.183552 0.183956 0.036758 -0.153376 -0.074600 0.072144 0.319950 -0.125320 -0.133572 0.319909 -0.002317 0.101403 -0.115488 -0.036571 0.195790 -0.119112 -0.034126 -0.210194 0.001993 0.257681 -0.139857 -0.187627 0.058585 -0.000881 0.082098 0.014435 -0.115052 -0.236441
You
0.327939 0.229760 0.225981 0.017301 -0.003580 -0.083218 0.237927 0.161132 0.100326 0.141714 0.112653 0.043281 -0.141007 -0.193021 0.162199 0.127114 -0.217175 -0.102866 0.221675 -0.093093 -0.144746 0.221101 0.170793 0.192579 0.036611 -0.154297 -0.064218 0.068877 0.312778 -0.113012 -0.141272 0.303994 0.002416 0.085516 -0.110468 -0.021847 0.194089 -0.118810 -0.031686 -0.203955 0.003649 0.248979 -0.135913 -0.193722 0.057757 0.003814 0.073699 0.018395 -0.116537 -0.239430
If
0.333053 0.245173 0.252928 0.017428 -0.011129 -0.103292 0.251271 0.161915 0.110384 0.138732 0.109348 0.054935 -0.146798 -0.203676 0.155414 0.149506 -0.235008 -0.108891 0.229078 -0.106271 -0.167569 0.238519 0.189275 0.208068 0.048773 -0.159383 -0.071774 0.058573 0.331411 -0.130765 -0.148324 0.327555 -0.004768 0.099738 -0.131530 -0.034131 0.206132 -0.109294 -0.033886 -0.216872 0.009160 0.268962 -0.140898 -0.197406 0.055741 0.005961 0.072579 0.012963 -0.110431 -0.240460
great
0.289794 0.227269 0.212898 0.021380 -0.011598 -0.093302 0.223091 0.143487 0.106545 0.126298 0.106302 0.045285 -0.122192 -0.183391 0.146722 0.120913 -0.194385 -0.111354 0.208121 -0.088607 -0.136717 0.198427 0.170175 0.173851 0.048632 -0.136600 -0.070023 0.060800 0.295579 -0.106863 -0.138962 0.289374 -0.010363 0.089611 -0.106332 -0.024181 0.172360 -0.110663 -0.036779 -0.205178 -0.001326 0.227843 -0.135389 -0.182404 0.054318 0.013479 0.076123 0.011747 -0.111620 -0.223861
so
0.334186 0.248404 0.247999 0.032514 -0.012316 -0.100251 0.241136 0.159841 0.101657 0.142400 0.113885 0.048676 -0.142450 -0.204814 0.159077 0.147405 -0.234383 -0.109414 0.231469 -0.091985 -0.148952 0.229583 0.180214 0.199972 0.049370 -0.150752 -0.071298 0.063629 0.330964 -0.120069 -0.145550 0.322785 0.000466 0.101420 -0.129059 -0.037426 0.199618 -0.111907 -0.032630 -0.212079 0.005760 0.262527 -0.145852 -0.195426 0.051877 0.018130 0.073079 0.017518 -0.116836 -0.244494
This
0.359595 0.247834 0.262693 0.032032 -0.014697 -0.106163 0.257594 0.176432 0.122805 0.145351 0.121273 0.050210 -0.139560 -0.213366 0.177765 0.141251 -0.244163 -0.130132 0.237204 -0.099776 -0.159837 0.246674 0.197979 0.203471 0.038530 -0.154877 -0.084483 0.075303 0.356393 -0.132731 -0.163353 0.348703 0.008139 0.106498 -0.120958 -0.033220 0.206122 -0.126788 -0.039297 -0.237999 0.002635 0.263998 -0.148846 -0.197374 0.059164 0.014700 0.087476 0.003875 -0.119191 -0.261093
restart
0.374192 0.265467 0.265731 0.023523 -0.018684 -0.104577 0.267837 0.189999 0.116717 0.161620 0.126097 0.054560 -0.162968 -0.223881 0.187186 0.153173 -0.248039 -0.122660 0.251417 -0.102155 -0.176981 0.257541 0.207950 0.225592 0.047162 -0.170257 -0.078592 0.082848 0.380912 -0.130638 -0.159451 0.352851 -0.000882 0.101532 -0.131654 -0.038250 0.230176 -0.122139 -0.038499 -0.251197 0.005555 0.295497 -0.163654 -0.211601 0.062958 0.015611 0.079466 0.012622 -0.132847 -0.266241
about
0.324184 0.249114 0.236689 0.029320 -0.012695 -0.095014 0.243463 0.176663 0.114231 0.140913 0.117144 0.039309 -0.141608 -0.206209 0.149824 0.144978 -0.220110 -0.109259 0.223866 -0.093650 -0.163435 0.223752 0.179056 0.202793 0.040813 -0.161829 -0.060876 0.069020 0.341683 -0.117459 -0.139468 0.327259 -0.009343 0.090154 -0.129470 -0.040134 0.189254 -0.107498 -0.030922 -0.229412 0.006172 0.264389 -0.134749 -0.193845 0.058733 0.018910 0.076515 0.019388 -0.116576 -0.230198
just
0.338557 0.266551 0.252626 0.029594 -0.021041 -0.088639 0.260026 0.172120 0.124671 0.153703 0.118638 0.040746 -0.148454 -0.212780 0.175135 0.146383 -0.231229 -0.126515 0.246296 -0.111169 -0.171263 0.234415 0.190458 0.203316 0.040333 -0.167074 -0.068606 0.077860 0.350429 -0.120582 -0.164017 0.350272 -0.010003 0.105874 -0.121637 -0.028424 0.205508 -0.129532 -0.025090 -0.240560 0.005170 0.271444 -0.145631 -0.193887 0.068236 0.006959 0.088047 0.011240 -0.127974 -0.252857
use
0.351930 0.266718 0.251700 0.017871 -0.004828 -0.108103 0.251429 0.184607 0.112784 0.143525 0.119116 0.051309 -0.149689 -0.204881 0.166589 0.148543 -0.236094 -0.114213 0.251733 -0.110725 -0.179104 0.251933 0.188023 0.215501 0.044003 -0.163763 -0.066433 0.063934 0.368289 -0.124308 -0.162850 0.353709 -0.005152 0.100734 -0.140922 -0.035840 0.207220 -0.126204 -0.030241 -0.237593 -0.004543 0.281711 -0.153498 -0.200723 0.052983 0.019473 0.077293 0.009702 -0.123418 -0.262720
was
0.320455 0.231073 0.241177 0.026838 -0.018430 -0.088438 0.230749 0.164515 0.115483 0.145224 0.101583 0.041593 -0.140732 -0.197084 0.153301 0.128506 -0.216598 -0.101509 0.224473 -0.096834 -0.157787 0.226924 0.186853 0.184959 0.043657 -0.146259 -0.062045 0.056996 0.322955 -0.115503 -0.138475 0.314616 0.006340 0.102962 -0.127794 -0.033791 0.201737 -0.118789 -0.037816 -0.221018 0.001290 0.252864 -0.148364 -0.180388 0.053573 0.001691 0.081699 0.017676 -0.104257 -0.237064
Apple
0.384474 0.287967 0.293088 0.024947 -0.017348 -0.102190 0.283281 0.201607 0.136933 0.154049 0.129966 0.063046 -0.170405 -0.230662 0.187640 0.155876 -0.264542 -0.128843 0.264708 -0.115527 -0.182149 0.265175 0.206967 0.223354 0.058292 -0.176423 -0.088047 0.080364 0.397265 -0.136815 -0.179946 0.382518 -0.008013 0.122281 -0.137022 -0.034680 0.239381 -0.142259 -0.038858 -0.262330 0.006302 0.311497 -0.171211 -0.232444 0.060614 0.008673 0.091489 0.003799 -0.135948 -0.286930
my
0.359894 0.271605 0.275560 0.027581 -0.014828 -0.098257 0.269002 0.190329 0.124921 0.156177 0.116214 0.047188 -0.148284 -0.213947 0.188152 0.154016 -0.243208 -0.130377 0.256441 -0.117665 -0.186657 0.250147 0.212395 0.226282 0.040140 -0.173632 -0.083908 0.078702 0.376056 -0.131271 -0.164302 0.370473 0.004794 0.116941 -0.141497 -0.029971 0.232446 -0.124050 -0.034514 -0.250492 -0.001208 0.280090 -0.167258 -0.219733 0.063419 0.012095 0.086190 0.018289 -0.129467 -0.264788
Touch
0.338663 0.248326 0.247782 0.031154 -0.012189 -0.084727 0.250745 0.172454 0.113748 0.139333 0.112214 0.054218 -0.132934 -0.190178 0.164906 0.133324 -0.239269 -0.113140 0.237339 -0.094312 -0.172310 0.225610 0.180576 0.197978 0.027577 -0.158449 -0.063198 0.063767 0.351081 -0.116358 -0.153493 0.323467 -0.001039 0.087623 -0.119411 -0.036073 0.201516 -0.110589 -0.035216 -0.220559 0.011078 0.257157 -0.134168 -0.194892 0.053884 0.005273 0.079102 0.003906 -0.125982 -0.251842
|
0.352849 0.260482 0.258712 0.028958 -0.014213 -0.097060 0.257823 0.187578 0.131260 0.159747 0.125301 0.044271 -0.161038 -0.221121 0.179870 0.158328 -0.241734 -0.117312 0.242684 -0.114802 -0.174909 0.252596 0.191139 0.222641 0.045002 -0.177077 -0.085097 0.080463 0.360934 -0.143320 -0.166100 0.351490 0.006256 0.098291 -0.130847 -0.035510 0.216848 -0.118706 -0.034157 -0.250652 0.012945 0.281384 -0.150257 -0.214050 0.052164 0.009158 0.081552 0.014236 -0.118416 -0.270557
down
0.384136 0.278158 0.275204 0.027359 -0.022042 -0.114038 0.288382 0.197910 0.121144 0.165500 0.125972 0.058353 -0.161684 -0.229899 0.196743 0.155634 -0.267345 -0.127398 0.274384 -0.117647 -0.187192 0.265206 0.211885 0.229349 0.059566 -0.187640 -0.075001 0.086255 0.393468 -0.135892 -0.180112 0.376425 0.002594 0.113800 -0.141847 -0.039982 0.241196 -0.131203 -0.043280 -0.260709 0.004903 0.292895 -0.167856 -0.217688 0.059938 0.010157 0.102101 0.020132 -0.143643 -0.289821
only
0.341128 0.234021 0.241329 0.015560 -0.006283 -0.103444 0.248586 0.168367 0.103972 0.135804 0.106094 0.043372 -0.129494 -0.207386 0.167522 0.145186 -0.231293 -0.115315 0.233653 -0.106296 -0.161609 0.240251 0.192341 0.189931 0.049367 -0.157953 -0.075191 0.063539 0.328526 -0.117755 -0.139638 0.327059 -0.000551 0.095605 -0.122037 -0.024212 0.198606 -0.120297 -0.040580 -0.226991 0.007895 0.267882 -0.147579 -0.189521 0.057423 0.000381 0.069342 0.011692 -0.105600 -0.239983
best
0.299179 0.214106 0.220372 0.014924 -0.019180 -0.087447 0.223459 0.145411 0.094632 0.126508 0.105841 0.043603 -0.115590 -0.180379 0.143885 0.120679 -0.202177 -0.097595 0.207530 -0.077745 -0.150750 0.207923 0.171283 0.166635 0.036921 -0.141677 -0.058801 0.049707 0.292350 -0.115085 -0.138770 0.291145 0.005243 0.094323 -0.109457 -0.029727 0.171433 -0.097919 -0.022675 -0.205363 -0.004337 0.234518 -0.123518 -0.174016 0.057960 0.018336 0.065601 0.012637 -0.095980 -0.212654
"The
0.314101 0.221755 0.231059 0.017261 -0.007699 -0.086752 0.219609 0.169077 0.097713 0.130530 0.111208 0.036786 -0.119480 -0.180467 0.143436 0.138907 -0.209864 -0.109951 0.204237 -0.083544 -0.160363 0.214307 0.164793 0.176522 0.047189 -0.148467 -0.060205 0.054456 0.307840 -0.114946 -0.146471 0.311688 0.001961 0.099295 -0.109160 -0.038172 0.196622 -0.104683 -0.023992 -0.198989 0.001144 0.237149 -0.124220 -0.183949 0.058041 0.012996 0.082663 -0.000022 -0.100114 -0.215192
do
0.350914 0.264076 0.243501 0.020646 -0.016585 -0.090953 0.250542 0.178026 0.114974 0.155209 0.108079 0.052676 -0.150542 -0.215014 0.171643 0.139795 -0.229109 -0.122616 0.230299 -0.105300 -0.162164 0.233381 0.186795 0.200372 0.040412 -0.159517 -0.069008 0.074586 0.352866 -0.127564 -0.148952 0.342083 0.008081 0.099497 -0.126563 -0.029474 0.215817 -0.131927 -0.025876 -0.240040 -0.000915 0.273939 -0.146071 -0.208370 0.052267 -0.000116 0.083057 0.007255 -0.114721 -0.254996
local
0.338512 0.251185 0.236112 0.020789 -0.018992 -0.094408 0.246848 0.181609 0.115249 0.146307 0.101672 0.044588 -0.144454 -0.199817 0.168441 0.148051 -0.238693 -0.114385 0.219643 -0.093042 -0.164314 0.228838 0.176386 0.199651 0.034325 -0.157796 -0.073015 0.066061 0.340225 -0.124830 -0.143473 0.331611 0.001501 0.103349 -0.127237 -0.028843 0.200010 -0.115113 -0.042506 -0.229072 0.006010 0.254799 -0.138913 -0.190181 0.057634 0.010287 0.083185 0.000070 -0.112899 -0.240008
when
0.346009 0.264802 0.262871 0.031655 -0.006678 -0.095419 0.260347 0.172257 0.113850 0.153428 0.115100 0.038955 -0.156375 -0.206908 0.175190 0.153446 -0.233500 -0.123099 0.229566 -0.109397 -0.175864 0.237983 0.193115 0.201569 0.045606 -0.165356 -0.072483 0.070414 0.347124 -0.130728 -0.166819 0.346629 -0.005111 0.102349 -0.136361 -0.023413 0.207109 -0.121637 -0.033332 -0.237585 0.010645 0.268878 -0.152924 -0.209126 0.064014 0.014245 0.074373 0.007890 -0.117881 -0.245181
through
0.322025 0.234133 0.238589 0.025351 -0.003447 -0.085240 0.236463 0.162881 0.113032 0.142348 0.116508 0.050868 -0.127117 -0.193756 0.164550 0.133489 -0.226916 -0.108723 0.215955 -0.090463 -0.147175 0.216110 0.181635 0.185232 0.049106 -0.158596 -0.076138 0.058451 0.333876 -0.120060 -0.150130 0.319551 -0.008983 0.091709 -0.118826 -0.040136 0.197372 -0.117985 -0.037418 -0.227964 0.007795 0.259268 -0.146450 -0.192411 0.056085 0.018898 0.075279 0.018980 -0.118402 -0.232758
some
0.332292 0.242270 0.234708 0.031966 -0.009731 -0.093015 0.241125 0.174390 0.122016 0.140735 0.118477 0.050538 -0.142025 -0.200694 0.171590 0.143748 -0.221320 -0.108166 0.236648 -0.107367 -0.158631 0.237352 0.178142 0.195525 0.043347 -0.148819 -0.079085 0.066115 0.333721 -0.132933 -0.159606 0.333560 -0.001255 0.095365 -0.127668 -0.037175 0.199950 -0.111450 -0.036044 -0.217722 -0.003965 0.269992 -0.145220 -0.198821 0.047762 0.010477 0.072343 0.002328 -0.115049 -0.235938
.
0.303956 0.233921 0.225940 0.018096 -0.010549 -0.093764 0.215338 0.160669 0.096116 0.120806 0.096571 0.044317 -0.124031 -0.183711 0.154069 0.129760 -0.214981 -0.095893 0.218772 -0.083599 -0.147200 0.213493 0.159831 0.174963 0.045661 -0.140169 -0.073712 0.067616 0.312790 -0.104865 -0.138349 0.298202 -0.009411 0.091576 -0.114002 -0.029363 0.176908 -0.100122 -0.024426 -0.208667 0.008921 0.241160 -0.132891 -0.171059 0.050782 0.012604 0.076260 -0.000306 -0.105707 -0.217975
Restart
0.390065 0.292899 0.272412 0.019828 -0.010676 -0.102631 0.284190 0.208019 0.131856 0.168552 0.120736 0.057088 -0.154115 -0.225863 0.182977 0.159541 -0.257960 -0.129960 0.260643 -0.117844 -0.181207 0.276904 0.223678 0.222996 0.045738 -0.177339 -0.081119 0.075379 0.383055 -0.141357 -0.179310 0.380660 0.009482 0.116729 -0.150687 -0.034755 0.242123 -0.129544 -0.033770 -0.259035 0.001511 0.307638 -0.161351 -0.228274 0.063884 0.001716 0.092390 0.003646 -0.135144 -0.288696
any
0.347923 0.264607 0.253062 0.017250 -0.021292 -0.096939 0.259053 0.181036 0.109218 0.149721 0.113173 0.057205 -0.139214 -0.214570 0.168863 0.150419 -0.235450 -0.127320 0.240263 -0.099308 -0.176707 0.240005 0.202630 0.203197 0.050190 -0.174397 -0.079504 0.061126 0.356458 -0.123995 -0.167631 0.351279 0.009565 0.102969 -0.135602 -0.035674 0.216412 -0.132886 -0.033895 -0.244644 -0.001247 0.277454 -0.156474 -0.213465 0.061086 0.018120 0.085530 0.004568 -0.120444 -0.254701
love
0.270193 0.204738 0.201983 0.025524 -0.016431 -0.081519 0.206408 0.136276 0.089797 0.124363 0.092614 0.043558 -0.112611 -0.163869 0.134624 0.109118 -0.180112 -0.092626 0.185873 -0.090804 -0.133577 0.197566 0.148736 0.159088 0.043244 -0.132212 -0.065056 0.052876 0.287582 -0.106005 -0.118988 0.265297 -0.001876 0.091042 -0.093645 -0.034834 0.176426 -0.101206 -0.027147 -0.183816 -0.005843 0.223391 -0.113332 -0.154268 0.041329 0.013196 0.065411 0.011136 -0.088632 -0.207391
command
0.371127 0.267926 0.267712 0.029843 -0.019923 -0.104514 0.255146 0.187769 0.129549 0.153373 0.122203 0.059891 -0.161062 -0.219283 0.169822 0.154640 -0.245857 -0.122312 0.238590 -0.113761 -0.170500 0.257923 0.204214 0.206318 0.052881 -0.175527 -0.077125 0.064610 0.376545 -0.141114 -0.163496 0.366482 -0.009922 0.100454 -0.130529 -0.025332 0.213053 -0.124725 -0.036707 -0.231516 0.007723 0.292055 -0.152538 -0.216565 0.066811 0.005535 0.077615 0.002733 -0.128286 -0.272218
our
0.311680 0.237913 0.233151 0.025038 -0.016714 -0.097689 0.236433 0.163663 0.100496 0.135311 0.094612 0.049013 -0.128599 -0.181750 0.140422 0.129764 -0.218474 -0.109115 0.219690 -0.088771 -0.152792 0.214716 0.172911 0.178602 0.034444 -0.151129 -0.057385 0.070065 0.313906 -0.112696 -0.139116 0.309408 0.000185 0.092884 -0.107406 -0.033469 0.191953 -0.104420 -0.033080 -0.204558 0.010965 0.245407 -0.133666 -0.176147 0.058916 0.000894 0.078052 0.012488 -0.100485 -0.218738
other
0.322673 0.236953 0.237115 0.034381 -0.007505 -0.083870 0.233060 0.160266 0.119682 0.145024 0.113340 0.054616 -0.146823 -0.195782 0.161778 0.147172 -0.217054 -0.111996 0.217637 -0.105137 -0.158998 0.232551 0.185756 0.203849 0.046559 -0.152352 -0.064740 0.074557 0.344420 -0.129784 -0.143251 0.315085 0.008033 0.097291 -0.112251 -0.026722 0.193414 -0.118000 -0.032818 -0.224161 0.011615 0.247264 -0.147990 -0.195916 0.060554 0.015581 0.082165 0.018522 -0.111955 -0.233647
many
0.318463 0.226730 0.221870 0.033054 -0.008515 -0.100229 0.239182 0.170050 0.105288 0.131016 0.111878 0.035132 -0.135293 -0.185208 0.144468 0.133709 -0.219330 -0.101414 0.209236 -0.085556 -0.151426 0.211438 0.166163 0.188512 0.046665 -0.143642 -0.064805 0.060622 0.317231 -0.126302 -0.149237 0.310243 0.002756 0.092370 -0.111027 -0.021349 0.190771 -0.120285 -0.035021 -0.207915 0.005015 0.238618 -0.143475 -0.183927 0.060569 0.014792 0.071542 0.010552 -0.110199 -0.227440
want
0.323953 0.243155 0.242623 0.014933 -0.015165 -0.097354 0.241642 0.170125 0.106832 0.132151 0.111884 0.042043 -0.138152 -0.196797 0.169383 0.142331 -0.225175 -0.119230 0.233174 -0.096668 -0.159267 0.234356 0.193342 0.191143 0.039815 -0.159016 -0.069126 0.076416 0.344174 -0.124016 -0.139471 0.331248 -0.006422 0.104431 -0.124846 -0.029936 0.209100 -0.115712 -0.029973 -0.219573 -0.002242 0.266735 -0.136256 -0.198775 0.053922 0.007515 0.071218 0.000406 -0.123192 -0.234393
go
0.306924 0.221677 0.219641 0.027648 -0.007237 -0.084452 0.210982 0.149003 0.092133 0.133906 0.095416 0.041393 -0.116916 -0.173981 0.141771 0.120262 -0.212034 -0.095305 0.200488 -0.081552 -0.154041 0.198945 0.164334 0.184456 0.032830 -0.131271 -0.060854 0.051447 0.297628 -0.102960 -0.132271 0.301085 0.001812 0.095494 -0.108144 -0.029496 0.177817 -0.114614 -0.031217 -0.193204 -0.002655 0.232443 -0.119918 -0.177971 0.047603 0.001209 0.078404 0.010261 -0.095841 -0.210588
power
0.379538 0.291329 0.285454 0.020402 -0.019206 -0.109936 0.285116 0.189710 0.122914 0.169705 0.118435 0.063850 -0.166805 -0.232031 0.185357 0.170437 -0.258178 -0.138462 0.255216 -0.106415 -0.184241 0.269001 0.215352 0.235986 0.058735 -0.182258 -0.087514 0.073781 0.393336 -0.146355 -0.176449 0.384900 0.002469 0.124788 -0.147508 -0.030065 0.222958 -0.137669 -0.040453 -0.267602 0.004395 0.304592 -0.165717 -0.223223 0.065865 0.003171 0.084159 0.006104 -0.127727 -0.270760
step
0.437465 0.324538 0.314964 0.048862 -0.004536 -0.138122 0.325858 0.236979 0.158330 0.182982 0.149433 0.054412 -0.192444 -0.260113 0.220890 0.183385 -0.301612 -0.152136 0.304049 -0.128346 -0.213766 0.300218 0.233944 0.248182 0.055431 -0.211795 -0.098625 0.079677 0.443359 -0.169563 -0.192382 0.435008 0.010514 0.139420 -0.152034 -0.043707 0.264823 -0.162798 -0.053574 -0.293282 -0.004136 0.334448 -0.188096 -0.241496 0.066133 0.007244 0.095644 0.025611 -0.149101 -0.318791
there
0.324029 0.231093 0.239518 0.017774 -0.017109 -0.097337 0.241039 0.176134 0.104567 0.143072 0.104957 0.050991 -0.131304 -0.187543 0.148708 0.134033 -0.226527 -0.108305 0.228823 -0.092088 -0.149336 0.221169 0.175976 0.182857 0.044544 -0.154791 -0.065141 0.066040 0.333628 -0.125492 -0.144838 0.327267 -0.007996 0.103769 -0.121167 -0.033515 0.186537 -0.104857 -0.041046 -0.212634 0.006134 0.248143 -0.136320 -0.197806 0.057724 0.015050 0.082818 0.003270 -0.122034 -0.230108
need
0.373915 0.273203 0.265622 0.023873 -0.002141 -0.105895 0.260703 0.181980 0.114165 0.160744 0.123235 0.057197 -0.147852 -0.214323 0.179386 0.147964 -0.259013 -0.116447 0.256582 -0.111759 -0.185338 0.247951 0.195373 0.209804 0.047481 -0.176554 -0.075348 0.079200 0.364732 -0.130086 -0.160549 0.366534 0.008208 0.114784 -0.142835 -0.041286 0.214998 -0.127567 -0.030781 -0.249069 0.012397 0.284420 -0.164836 -0.206247 0.056850 0.011822 0.080179 0.007718 -0.122869 -0.269033
New
0.269609 0.200407 0.200296 0.021011 -0.011946 -0.077112 0.202601 0.143539 0.089531 0.116475 0.086009 0.041768 -0.108584 -0.151669 0.118097 0.112614 -0.186376 -0.088388 0.172666 -0.080201 -0.129953 0.176180 0.145151 0.161838 0.039180 -0.125682 -0.055259 0.054743 0.264920 -0.091061 -0.128096 0.267696 0.002661 0.083409 -0.087810 -0.018739 0.158346 -0.093507 -0.026947 -0.175348 0.004218 0.205065 -0.117312 -0.154421 0.048864 0.016608 0.058263 -0.001679 -0.090730 -0.197092
kids
0.268427 0.194186 0.181695 0.015493 -0.002047 -0.075833 0.186149 0.144861 0.082482 0.107384 0.077507 0.031195 -0.107461 -0.156268 0.125183 0.116299 -0.186804 -0.099579 0.172877 -0.074891 -0.133842 0.188822 0.141388 0.157260 0.036892 -0.119404 -0.046984 0.047204 0.260641 -0.103549 -0.117757 0.252967 -0.000469 0.069922 -0.106266 -0.018334 0.155884 -0.093579 -0.032315 -0.183193 -0.001372 0.201946 -0.106889 -0.160226 0.048957 0.006080 0.067739 0.016393 -0.086729 -0.189179
how
0.362471 0.257110 0.266826 0.024330 -0.013119 -0.106200 0.251453 0.191040 0.115791 0.140990 0.120351 0.051612 -0.140858 -0.207418 0.175662 0.141558 -0.248663 -0.119598 0.235015 -0.097966 -0.169410 0.241978 0.188142 0.210526 0.045578 -0.169242 -0.079577 0.063490 0.360994 -0.138342 -0.155248 0.349054 -0.009187 0.104829 -0.121300 -0.032105 0.216591 -0.133989 -0.027605 -0.237718 0.010069 0.278197 -0.156824 -0.200221 0.059525 0.019353 0.075460 0.010581 -0.113472 -0.261188
remote
0.382643 0.291903 0.281803 0.030170 -0.017576 -0.118061 0.279303 0.207894 0.135474 0.170657 0.130864 0.064853 -0.162862 -0.233149 0.195793 0.166806 -0.258700 -0.137009 0.263496 -0.123767 -0.188407 0.272936 0.218045 0.228800 0.053017 -0.186477 -0.091410 0.086588 0.400602 -0.152172 -0.170009 0.380328 0.002056 0.107581 -0.145610 -0.043077 0.244322 -0.143245 -0.035945 -0.257299 0.013629 0.308312 -0.166835 -0.225641 0.068979 -0.000157 0.091850 0.004379 -0.143626 -0.278601
Bar
0.303456 0.222888 0.229967 0.023150 0.001994 -0.080922 0.211805 0.153073 0.108795 0.133834 0.100329 0.038508 -0.126493 -0.187916 0.143470 0.121592 -0.206296 -0.091892 0.199600 -0.088756 -0.150133 0.212301 0.172092 0.177700 0.044304 -0.142165 -0.061396 0.069021 0.321346 -0.104787 -0.135101 0.305215 0.007638 0.090304 -0.119208 -0.022761 0.173455 -0.116590 -0.022219 -0.191047 0.004903 0.235334 -0.118564 -0.181050 0.056628 -0.000231 0.069451 0.002162 -0.117437 -0.228406
10
0.349954 0.255479 0.249626 0.028534 -0.007847 -0.089496 0.258272 0.177804 0.125839 0.140414 0.121116 0.054335 -0.151934 -0.199969 0.164276 0.153765 -0.234549 -0.113233 0.232874 -0.099199 -0.163788 0.239851 0.194202 0.216150 0.041179 -0.165074 -0.069026 0.062967 0.350383 -0.134097 -0.163866 0.334250 0.004043 0.112289 -0.135075 -0.034271 0.215832 -0.130702 -0.042267 -0.240485 -0.000750 0.267018 -0.142480 -0.193444 0.067476 0.020146 0.094089 0.009392 -0.109727 -0.259397
Air
0.454013 0.318445 0.328654 0.039562 -0.002527 -0.131898 0.332094 0.221408 0.156588 0.196212 0.156794 0.064192 -0.194504 -0.262653 0.209855 0.181285 -0.308252 -0.161210 0.301090 -0.124876 -0.217160 0.313805 0.250892 0.260929 0.055076 -0.200489 -0.085394 0.079757 0.449543 -0.156143 -0.190199 0.445380 0.004389 0.127323 -0.170084 -0.050508 0.269226 -0.153337 -0.037977 -0.297019 0.004319 0.348630 -0.185821 -0.246454 0.082686 0.003741 0.116092 0.012938 -0.151278 -0.314518
these
0.309049 0.224930 0.238459 0.016421 -0.013609 -0.084959 0.227295 0.171947 0.112845 0.124147 0.101187 0.038823 -0.125038 -0.199410 0.148618 0.133291 -0.223869 -0.113463 0.227224 -0.098704 -0.148867 0.217113 0.175249 0.193543 0.046906 -0.152267 -0.062444 0.065674 0.321297 -0.115152 -0.147377 0.308742 -0.005432 0.094560 -0.118677 -0.020882 0.195310 -0.121233 -0.037368 -0.213699 0.010686 0.251311 -0.135552 -0.181449 0.044824 0.012594 0.075779 0.004566 -0.107077 -0.229946
–
0.426272 0.316053 0.309860 0.045987 -0.013048 -0.130264 0.307217 0.215159 0.139818 0.181662 0.135396 0.048521 -0.183228 -0.250623 0.199591 0.174587 -0.289118 -0.152223 0.298508 -0.128624 -0.200267 0.293238 0.227491 0.247641 0.059506 -0.208938 -0.087890 0.093877 0.429472 -0.152024 -0.202309 0.420740 0.008331 0.134970 -0.166613 -0.046026 0.262522 -0.149484 -0.039410 -0.283483 -0.004297 0.341183 -0.178581 -0.241593 0.070356 0.020425 0.107514 0.006674 -0.150464 -0.312188
even
0.347207 0.250454 0.247047 0.033706 -0.006722 -0.108028 0.257564 0.181060 0.115091 0.154784 0.107060 0.046529 -0.138614 -0.216967 0.175690 0.143295 -0.235322 -0.121928 0.246158 -0.102556 -0.168046 0.249711 0.201568 0.198105 0.035983 -0.162695 -0.077831 0.062453 0.351582 -0.133997 -0.157811 0.348169 -0.003045 0.107925 -0.123267 -0.037622 0.202223 -0.116413 -0.034845 -0.233741 -0.001493 0.264412 -0.151511 -0.197768 0.062875 0.017543 0.073865 0.014613 -0.112263 -0.260864
vacation
0.294973 0.223200 0.219736 0.031888 -0.012033 -0.082531 0.221243 0.143826 0.107908 0.121668 0.104562 0.033109 -0.133824 -0.174346 0.151135 0.122199 -0.199312 -0.100668 0.206027 -0.087087 -0.137465 0.204326 0.160299 0.172029 0.046447 -0.147575 -0.067898 0.050765 0.307519 -0.115706 -0.127238 0.288960 -0.004662 0.088414 -0.100052 -0.033266 0.182479 -0.102240 -0.027967 -0.197060 0.010152 0.221612 -0.119825 -0.166674 0.060396 0.010320 0.066656 0.009605 -0.095379 -0.207162
time
0.331089 0.236393 0.237587 0.017355 -0.007096 -0.099638 0.228053 0.160715 0.102788 0.142225 0.115274 0.045690 -0.140276 -0.186289 0.153225 0.135693 -0.219433 -0.117493 0.227692 -0.100222 -0.166261 0.227811 0.169676 0.193953 0.032521 -0.146283 -0.063135 0.056032 0.324992 -0.122452 -0.148616 0.309404 0.003011 0.101441 -0.110964 -0.038337 0.203504 -0.122102 -0.026696 -0.209452 0.011789 0.245035 -0.136772 -0.191152 0.060530 0.002084 0.083171 0.011366 -0.105679 -0.224843
&
0.309298 0.233468 0.234160 0.021331 -0.005329 -0.084527 0.217230 0.164410 0.100168 0.139318 0.096105 0.032606 -0.130327 -0.191990 0.139893 0.120549 -0.207958 -0.111859 0.219790 -0.086623 -0.144251 0.222236 0.176587 0.188634 0.033518 -0.150126 -0.061087 0.054158 0.321866 -0.120871 -0.134003 0.308174 -0.006920 0.096516 -0.109726 -0.022434 0.190826 -0.101005 -0.026342 -0.199295 0.003504 0.236550 -0.132505 -0.168666 0.050946 0.016114 0.067457 0.012657 -0.102150 -0.226731