50 10
and
0.0404644166421618 -0.188507375001915 -0.359837327978621 -0.147443076034405 0.249990179787929 -0.114920640498819 -0.194258884815245 -0.396820934903696 0.147880969920547 -0.41990220845377 0.354996101896915 0.377866984596128 0.430243280594554 -0.501487299653852 -0.265149260061341 -0.00375148027437294 -0.231584959003832 0.506240698985293 -0.107908768016517 0.156734984733661 0.469190338770381 0.50235617070681 0.518223106396121 -0.228634276894151 -0.0623311314288385 -0.491169256463241 0.427129133253774 0.321828784937465 -0.433456999259204 -0.4850477596978 -0.532431531790001 0.0849758710632878 0.440088711621989 0.285087871298424 0.355008144864101 -0.525122450784595 0.463528956184937 0.311562444088552 0.0790093864336019 -0.0779011551672929 0.365966232390025 -0.452044766802109 -0.278310470179715 0.297214000874588 -0.496308610674696 -0.450607891285556 0.198140363297473 0.254960141032364 0.37996441180379 -0.496053506472458 
in
0.270626539248882 0.4679638464646 0.0807191990206143 0.421036718991866 -0.038171932593381 -0.0456209355716217 -0.0450702752791124 0.172082955915684 0.414605459017929 -0.064588775599186 0.15858872136353 -0.434019677789364 -0.0913871496805072 -0.255775408866177 -0.00375484227561006 0.465160580840074 -0.0418230341032106 -0.0570103667432122 -0.289451524661355 0.200431045253748 0.117554901152084 0.0429647513143191 -0.0163719273096377 -0.366208923593158 -0.193254272834015 0.445822757877664 0.0817281341619911 0.196508261908415 0.364095582119038 0.291175035595176 0.0158390491098943 0.41058331949766 0.260748509295141 0.0116858127352202 -0.192160672126833 -0.432450539932356 0.259407633705868 -0.3973016888278 0.243259607409999 0.105114316319161 -0.303092804001731 0.159272040792423 0.347599224737297 -0.277698702323088 0.248126245060466 -0.0807605754374101 0.462185536398241 -0.0942231801754744 -0.423432107866889 0.130169052599096 
a
-0.0661845491838241 -0.364820719522663 -0.158735123795544 0.0362907680848466 0.448956102049717 0.0184582356606301 0.287462262912504 0.146021647028101 0.0308572277246283 0.0588020063066048 -0.400316670156858 -0.0695066527832797 -0.108216923690921 0.229104790335919 0.278092666184725 0.0357154480660582 -0.0139538504101455 0.462583390277003 -0.211529727642721 -0.490437002552108 0.577374585946703 0.456726000098797 -0.0661609826184245 -0.491846866578968 -0.0266502033020522 -0.249538673676541 0.363918715762508 -0.16233457816968 -0.488968712951908 0.319477146697764 -0.492302395343667 0.583526150943987 -0.278982517659792 -0.196439755917885 -0.115222603919726 0.2479311011057 0.00224669486647742 -0.409683049668439 -0.00234433102891068 0.213454679058415 0.271903725454184 0.364101553979825 -0.0256609521355449 0.131826788259427 -0.145617216563151 0.100624881363196 -0.453899580027736 0.39095593449979 0.479858953350398 -0.0242967503805968 
the
-0.026868445711551 -0.33755815622232 -0.228760885797892 -0.0960182491093515 -0.46857767347502 0.299551717926862 -0.36207457604732 0.162566927854041 -0.0655912330778291 0.31655999731076 -0.265496520719321 -0.343082687874031 0.567178008181201 -0.138641126023372 0.301172831818685 0.424803744225433 -0.0999748725547259 0.118774366545185 -0.378410003474687 -0.483384161934671 -0.292388447060385 0.123711417530429 0.350973391656355 0.180602277336897 -0.545495530326022 -0.207698271527171 0.203413780385969 0.553762770831821 0.331297685174565 0.217211201249822 -0.365203273399285 0.611377061757853 0.00117019548361147 0.0562362668972808 -0.097829350952593 -0.0147677428554711 0.57907536653734 -0.558781268846039 -0.447289093741346 -0.168073831190876 -0.122919372084985 0.49141462649355 -0.0708742071515751 -0.284601893588795 -0.0870116950599603 -0.235668519840424 -0.495808403316674 0.150418534821951 0.446048274203337 0.0426195933133272 
to
-0.493666974250222 0.202766882695936 -0.0211183973951614 0.284624051760052 0.234375597697072 0.0413057177027524 -0.00128642723142005 -0.128400205635759 0.497472685979315 -0.0318019248533085 0.296459404415085 -0.156559422060858 0.191484345901945 -0.227074707562653 0.379404002974151 -0.448157395743631 -0.0908928207847298 -0.127796160811527 -0.1322848330534 0.234415374524577 -0.344021401336803 0.300555403746071 0.491871654558644 0.428205456471413 0.298634916321577 -0.34755240713828 0.0452964100035512 -0.3472652023889 -0.291272766288916 -0.0957636655081744 -0.34422044556321 0.562004262279426 -0.28449293047019 0.312313287942353 0.486172858192985 -0.402090661624137 0.0529867829528466 -0.0544617943283314 0.0536427585872596 0.192170056658246 -0.416852264361545 -0.348427108187573 -0.437923668869477 -0.0562049883318173 -0.275089389031544 -0.510284297744809 -0.497439369627434 -0.441814210231181 -0.226463563790144 0.423498164909303 
of
0.340180412313009 -0.324423454439366 0.154739448280072 0.519118945978887 -0.120135742641273 -0.43653647390317 0.364042745673096 -0.213789841521787 -0.250114411473307 0.511600295831854 0.131277719346426 0.343480294046828 -0.293987368120115 -0.175602698501185 -0.0768142065297065 0.0372231482133977 0.0914689320738091 0.356503381670842 -0.16687945454111 -0.0387091939151872 0.378308246419366 -0.233216808588815 -0.266109827508304 -0.371724646474324 -0.366425525875265 -0.263502737187555 0.408435697132156 -0.113640165123147 0.0589610712830598 0.0286224584010031 0.295089385712919 0.548267665433935 -0.24592171394511 0.523897686671712 -0.439427270107543 0.0734539261611813 -0.0494619071549413 -0.366927161089033 -0.0680707438529529 -0.0319438794296533 0.00638044790660806 -0.228085990257349 0.533158452514148 -0.501798559977586 -0.23851915531491 -0.0837390141294811 0.091096694083021 -0.410733574245211 0.237224429213634 0.410096222420346 
he
-0.337160110318999 0.218577353440376 -0.327638037075949 0.0487852789224757 0.378391317132315 -0.315018399514173 -0.468965971301519 -0.326074371817062 0.310183472997893 -0.158698552814622 -0.295347416858596 0.400829223224866 -0.318268096983095 0.151937878008339 -0.449074355956913 0.0531946546460105 0.411379182649741 0.167226492708441 0.0436113428418418 0.450079770127887 0.184093990550924 0.164156801972465 0.35814392052794 -0.131088122309796 -0.244446185791175 -0.165100322857728 -0.0701489916728676 0.257967405959438 0.284755310653364 0.355622328871035 -0.477640353766283 0.13742107841199 0.150673079117722 0.568726626153066 0.227053515222982 0.290097608625784 0.233886772956319 -0.149546428671501 -0.0134090085929467 0.179622423513626 0.0331851949753878 0.331131749261208 0.150191704579089 0.0133920688615908 0.214698924807494 -0.343535916256168 0.17991464804498 -0.200137590317313 -0.413784833922397 -0.415048926107393 
was
-0.0176208176380731 0.0871946917401106 -0.510755182851372 0.197157723498755 0.0119708845944387 -0.16407135654755 0.242805134418063 0.314903911648114 -0.281171208537946 0.397673779430971 -0.511900854745147 -0.205665408749567 0.507819208441131 -0.0812824861571646 -0.0432688629434659 0.171080997048543 -0.390597575375213 -0.20254922999229 0.281413830002605 -0.415671283201502 -0.13341572824559 0.305190543434098 0.386443588735338 -0.0794943120823605 0.432179531248214 -0.0546613320389063 0.460102153482102 0.473531905453344 0.15269764582678 -0.484432371605272 0.0441059353639506 0.441062303910074 -0.452126398990693 0.472889580664507 0.406758452010511 -0.437712804542711 0.00067297167446524 0.130626030469645 0.220153221556673 0.0805957864056125 -0.316059698726533 -0.330038576146868 0.0532590942946161 0.0742322071821048 -0.348291515461291 -0.17262008404351 -0.225152334978962 -0.125869007777804 0.260609957466304 0.430140156566149 
as
0.229612776951894 0.12697774089816 -0.248234015051392 -0.0841963304522634 0.249155543799583 -0.456469293504264 0.426394883250738 -0.528278758452148 -0.18045497597241 -0.411574514776437 -0.159708989570585 0.354785637022185 0.462045971527625 -0.46863753327407 0.300167682986961 0.179709029801619 0.400502098320522 0.106523563016985 -0.329596805783625 0.173919134268768 0.210453190675441 0.314124312710955 -0.346725167414308 0.12441078027894 -0.500415079367196 0.245583114684184 0.3729724968673 0.0430369371633111 -0.299390369505127 -0.499465129389647 -0.243072745713745 0.0587111109526697 0.248726746016852 0.270078695577652 -0.154306586412257 -0.321756765089156 0.403533462498858 -0.107424065015467 0.118534391741754 -0.165155364416214 -0.220634856375849 0.104327516908163 0.458905316788063 -0.159257106134611 0.00940246501926321 -0.507155203313334 0.0872802452879606 -0.00147197718633649 0.340117169120539 -0.470347876278255 
is
-0.238919316889811 0.376032181416935 -0.364890377728921 0.48147586494748 -0.15597320134783 -0.0126753312238142 -0.296746079702659 -0.267809921739287 0.0528414689408533 -0.119782339950635 0.255147494948386 -0.448240857842428 0.262030409029803 0.304019363494638 0.186576915102661 0.355791920727088 0.131293416806573 0.189723153698129 0.321788103197469 0.249871700736571 0.456110564135824 0.463473265712982 0.267264945819425 -0.161765982302622 0.0376332794683252 -0.0598748167634189 0.313476217625798 0.112802694682857 -0.340931585282211 0.272788799678038 0.18487492032134 0.207333653426778 0.442337706262515 0.0550821514151991 0.119736198266155 -0.0848021411258285 -0.198246520753922 -0.39150163981382 -0.0574051089013587 0.388581994900987 -0.31413579822656 0.0637210167209984 0.103974442453932 -0.173875999915736 -0.445953736856179 0.388781498109116 0.218548850833229 -0.174764142975698 0.198798581360437 0.0527384817390401 
